0.50,NaN
1.50,NaN
2.50,NaN
3.50,NaN
4.50,NaN
5.50,NaN
6.50,NaN
7.50,NaN
8.50,NaN
9.50,NaN
10.50,NaN
11.50,NaN
12.50,NaN
13.50,NaN
14.50,NaN
15.50,NaN
16.50,NaN
17.50,NaN
18.50,NaN
19.50,NaN
20.50,NaN
21.50,NaN
22.50,NaN
23.50,NaN
24.50,NaN
25.50,NaN
26.50,NaN
27.50,NaN
28.50,NaN
29.50,NaN
30.50,NaN
31.50,NaN
32.50,NaN
33.50,NaN
34.50,NaN
35.50,NaN
36.50,NaN
37.50,NaN
38.50,NaN
39.50,NaN
115.50,NaN
116.50,NaN
117.50,NaN
118.50,NaN
119.50,NaN
120.50,NaN
121.50,NaN
122.50,NaN
123.50,NaN
124.50,NaN
125.50,NaN
126.50,NaN
127.50,NaN
128.50,NaN
129.50,NaN
130.50,NaN
131.50,NaN
132.50,NaN
133.50,NaN
134.50,NaN
135.50,NaN
136.50,NaN
137.50,NaN
138.50,NaN
139.50,NaN
140.50,NaN
141.50,NaN
142.50,NaN
143.50,NaN
144.50,NaN
145.50,NaN
146.50,NaN
147.50,NaN
148.50,NaN
149.50,NaN
150.50,NaN
151.50,NaN
152.50,NaN
153.50,NaN
154.50,NaN
155.50,NaN
156.50,NaN
157.50,NaN
158.50,NaN
159.50,NaN
160.50,NaN
161.50,NaN
162.50,NaN
163.50,NaN
164.50,NaN
165.50,NaN
166.50,NaN
167.50,NaN
168.50,NaN
169.50,NaN
170.50,NaN
171.50,NaN
172.50,NaN
173.50,NaN
174.50,NaN
175.50,NaN
176.50,NaN
177.50,NaN
178.50,NaN
179.50,NaN
180.50,NaN
181.50,NaN
182.50,NaN
183.50,NaN
184.50,NaN
185.50,NaN
186.50,NaN
187.50,NaN
188.50,NaN
189.50,NaN
190.50,NaN
191.50,NaN
192.50,NaN
193.50,NaN
194.50,NaN
195.50,NaN
196.50,NaN
197.50,NaN
198.50,NaN
199.50,NaN
200.50,NaN
201.50,NaN
202.50,NaN
203.50,NaN
204.50,NaN
205.50,NaN
206.50,NaN
207.50,NaN
208.50,NaN
209.50,NaN
210.50,NaN
211.50,NaN
212.50,NaN
213.50,NaN
214.50,NaN
215.50,NaN
216.50,NaN
217.50,NaN
218.50,NaN
219.50,NaN
220.50,NaN
221.50,NaN
222.50,NaN
223.50,NaN
224.50,NaN
225.50,NaN
226.50,NaN
227.50,NaN
228.50,NaN
229.50,NaN
230.50,NaN
231.50,NaN
232.50,NaN
233.50,NaN
234.50,NaN
235.50,NaN
236.50,NaN
237.50,NaN
238.50,NaN
239.50,NaN
240.50,NaN
241.50,NaN
242.50,NaN
243.50,NaN
244.50,NaN
245.50,NaN
246.50,NaN
247.50,NaN
248.50,NaN
249.50,NaN
250.50,NaN
251.50,NaN
252.50,NaN
253.50,NaN
254.50,NaN
255.50,NaN
256.50,NaN
257.50,NaN
258.50,NaN
259.50,NaN
260.50,NaN
261.50,NaN
262.50,NaN
263.50,NaN
264.50,NaN
265.50,NaN
266.50,NaN
267.50,NaN
268.50,NaN
269.50,NaN
270.50,NaN
271.50,NaN
272.50,NaN
273.50,NaN
274.50,NaN
275.50,NaN
276.50,NaN
277.50,NaN
278.50,NaN
279.50,NaN
280.50,NaN
281.50,NaN
282.50,NaN
283.50,NaN
284.50,NaN
285.50,NaN
286.50,NaN
287.50,NaN
288.50,NaN
289.50,NaN
290.50,NaN
291.50,NaN
292.50,NaN
293.50,NaN
294.50,NaN
295.50,NaN
296.50,NaN
297.50,NaN
298.50,NaN
299.50,NaN
300.50,NaN
301.50,NaN
302.50,NaN
303.50,NaN
304.50,NaN
305.50,NaN
306.50,NaN
307.50,NaN
308.50,NaN
309.50,NaN
310.02,NaN
310.25,NaN
310.48,NaN
310.71,NaN
310.95,NaN
311.18,NaN
311.42,NaN
311.65,NaN
311.89,NaN
312.12,NaN
312.36,NaN
312.60,NaN
312.84,NaN
313.08,NaN
313.32,NaN
313.56,NaN
313.80,NaN
314.04,NaN
314.28,NaN
314.53,NaN
314.77,NaN
315.02,NaN
315.26,NaN
315.51,NaN
315.75,NaN
316.00,NaN
316.25,NaN
316.50,NaN
316.75,NaN
317.00,NaN
317.25,NaN
317.50,NaN
317.75,NaN
318.01,NaN
318.26,NaN
318.51,NaN
318.77,NaN
319.02,NaN
319.28,NaN
319.54,NaN
319.80,NaN
320.06,NaN
320.32,NaN
320.58,NaN
320.84,NaN
321.10,NaN
321.36,NaN
321.62,NaN
321.89,NaN
322.15,NaN
322.42,NaN
322.69,NaN
322.95,NaN
323.22,NaN
323.49,NaN
323.76,NaN
324.03,NaN
324.30,NaN
324.57,NaN
324.85,NaN
325.12,NaN
325.39,NaN
325.67,NaN
325.94,NaN
326.22,NaN
326.50,NaN
326.78,NaN
327.06,NaN
327.34,NaN
327.62,NaN
327.90,NaN
328.18,NaN
328.47,NaN
328.75,NaN
329.04,NaN
329.32,NaN
329.61,NaN
329.90,NaN
330.19,NaN
330.48,NaN
330.77,NaN
331.06,NaN
331.35,NaN
331.64,NaN
331.94,NaN
332.23,NaN
332.53,NaN
332.83,NaN
333.12,NaN
333.42,NaN
333.72,NaN
334.02,NaN
334.32,NaN
334.63,NaN
334.93,NaN
335.23,NaN
335.54,NaN
335.85,NaN
336.15,NaN
336.46,NaN
336.77,NaN
337.08,NaN
337.39,NaN
337.71,NaN
338.02,NaN
338.33,NaN
338.65,NaN
338.96,NaN
339.28,NaN
339.60,NaN
339.92,NaN
340.24,NaN
340.56,NaN
340.88,NaN
341.21,NaN
341.53,NaN
341.86,NaN
342.18,NaN
342.51,NaN
342.84,NaN
343.17,NaN
343.50,NaN
343.83,NaN
344.17,NaN
344.50,NaN
344.84,NaN
345.17,NaN
345.51,NaN
345.85,NaN
346.19,NaN
346.53,NaN
346.88,NaN
347.22,NaN
347.56,NaN
347.91,NaN
348.26,NaN
348.60,NaN
348.95,NaN
349.30,NaN
349.66,NaN
350.01,NaN
350.36,NaN
350.72,NaN
351.08,NaN
351.43,NaN
351.79,NaN
352.15,NaN
352.52,NaN
352.88,NaN
353.24,NaN
353.61,NaN
353.98,NaN
354.34,NaN
354.71,NaN
355.08,NaN
355.46,NaN
355.83,NaN
356.20,NaN
356.58,NaN
356.96,NaN
357.34,NaN
357.72,NaN
358.10,NaN
358.48,NaN
358.86,NaN
359.25,NaN
359.64,NaN
360.03,NaN
360.42,NaN
360.81,NaN
361.20,NaN
361.59,NaN
361.99,NaN
362.39,NaN
362.79,NaN
363.19,NaN
363.59,NaN
363.99,NaN
364.39,NaN
364.80,NaN
365.21,NaN
365.62,NaN
366.03,NaN
366.44,NaN
366.85,NaN
367.27,NaN
367.69,NaN
368.10,NaN
368.52,NaN
368.95,NaN
369.37,NaN
369.79,NaN
370.22,NaN
370.65,NaN
371.08,NaN
371.51,NaN
371.94,NaN
372.38,NaN
372.81,NaN
373.25,NaN
373.69,NaN
374.13,NaN
374.58,NaN
375.02,NaN
375.47,NaN
375.92,NaN
376.37,NaN
376.82,NaN
377.28,NaN
377.73,NaN
378.19,NaN
378.65,NaN
379.11,NaN
379.57,NaN
380.04,NaN
380.51,NaN
380.98,NaN
381.45,NaN
381.92,NaN
382.39,NaN
382.87,NaN
383.35,NaN
383.83,NaN
384.31,NaN
384.80,NaN
385.28,NaN
385.77,NaN
386.26,NaN
386.76,NaN
387.25,NaN
387.75,NaN
388.25,NaN
388.75,NaN
389.25,NaN
389.76,NaN
390.26,NaN
390.77,NaN
391.29,NaN
391.80,NaN
392.32,NaN
392.84,NaN
393.36,NaN
393.88,NaN
394.40,NaN
394.93,NaN
395.46,NaN
395.99,NaN
396.53,NaN
397.07,NaN
397.61,NaN
398.15,NaN
398.69,NaN
399.24,NaN
399.79,NaN
400.34,NaN
400.89,NaN
401.45,NaN
402.01,NaN
402.57,NaN
403.13,NaN
403.70,NaN
404.27,NaN
404.84,NaN
405.41,NaN
405.99,NaN
406.57,NaN
407.15,NaN
407.74,NaN
408.33,NaN
408.92,NaN
409.51,NaN
410.11,NaN
410.70,NaN
411.31,NaN
411.91,NaN
412.52,NaN
413.13,NaN
413.74,NaN
414.36,NaN
414.98,NaN
415.60,NaN
416.22,NaN
416.85,NaN
417.48,NaN
418.11,NaN
418.75,NaN
419.39,NaN
420.04,NaN
420.68,NaN
421.33,NaN
421.98,NaN
422.64,NaN
423.30,NaN
423.96,NaN
424.63,NaN
425.30,NaN
425.97,NaN
426.65,NaN
427.32,NaN
428.01,NaN
428.69,NaN
429.38,NaN
430.08,NaN
430.77,NaN
431.47,NaN
432.18,NaN
432.89,NaN
433.60,NaN
434.31,NaN
435.03,NaN
435.75,NaN
436.48,NaN
437.21,NaN
437.94,NaN
438.68,NaN
439.42,NaN
440.17,NaN
440.92,NaN
441.67,NaN
442.43,NaN
443.19,NaN
443.96,NaN
444.73,NaN
445.50,NaN
446.28,NaN
447.06,NaN
447.85,NaN
448.64,NaN
449.43,NaN
450.23,NaN
451.04,NaN
451.85,NaN
452.66,NaN
453.48,NaN
454.30,NaN
455.13,NaN
455.96,NaN
456.80,NaN
457.64,NaN
458.48,NaN
459.33,NaN
460.19,NaN
461.05,NaN
461.92,NaN
462.79,NaN
463.66,NaN
464.54,NaN
465.43,NaN
466.32,NaN
467.22,NaN
468.12,NaN
469.03,NaN
469.94,NaN
470.86,NaN
471.78,NaN
472.71,NaN
473.64,NaN
474.58,NaN
475.53,NaN
476.48,NaN
477.44,NaN
478.40,NaN
479.37,NaN
480.34,NaN
481.33,NaN
482.31,NaN
483.31,NaN
484.30,NaN
485.31,NaN
486.32,NaN
487.34,NaN
488.37,NaN
489.40,NaN
490.43,NaN
491.48,NaN
492.53,NaN
493.59,NaN
494.65,NaN
495.72,NaN
496.80,NaN
497.89,NaN
498.98,NaN
500.08,NaN
501.19,NaN
502.30,NaN
503.42,NaN
504.55,NaN
505.69,NaN
506.83,NaN
507.99,NaN
509.14,NaN
510.31,NaN
511.49,NaN
512.67,NaN
513.86,NaN
515.06,NaN
516.27,NaN
517.49,NaN
518.71,NaN
519.94,NaN
521.18,NaN
522.43,NaN
523.69,NaN
524.96,NaN
526.24,NaN
527.52,NaN
528.82,NaN
530.12,NaN
531.44,NaN
532.76,NaN
534.09,NaN
535.43,NaN
536.79,NaN
538.15,NaN
539.52,NaN
540.90,NaN
542.29,NaN
543.69,NaN
545.11,NaN
546.53,NaN
547.96,NaN
549.41,NaN
550.86,NaN
552.33,NaN
553.80,NaN
555.29,NaN
556.79,NaN
558.30,NaN
559.82,NaN
561.36,NaN
562.90,NaN
564.46,NaN
566.03,NaN
567.61,NaN
569.21,NaN
570.81,NaN
572.43,NaN
574.06,NaN
575.71,NaN
577.37,NaN
579.04,NaN
580.72,NaN
582.42,NaN
584.13,NaN
585.86,NaN
587.59,NaN
589.35,NaN
591.11,NaN
592.90,NaN
594.69,NaN
596.50,NaN
598.33,NaN
600.17,NaN
602.03,NaN
603.90,NaN
605.78,NaN
607.69,NaN
609.60,NaN
611.54,NaN
613.49,NaN
615.46,NaN
617.44,NaN
619.44,NaN
621.46,NaN
623.49,NaN
625.54,NaN
627.61,NaN
629.70,NaN
631.81,NaN
633.93,NaN
636.07,NaN
638.23,NaN
640.41,NaN
642.61,NaN
644.82,NaN
647.06,NaN
649.31,NaN
651.59,NaN
653.88,NaN
656.20,NaN
658.53,NaN
660.89,NaN
663.27,NaN
665.66,NaN
668.08,NaN
670.52,NaN
672.99,NaN
675.47,NaN
677.98,NaN
680.50,NaN
683.06,NaN
685.63,NaN
688.23,NaN
690.85,NaN
693.49,NaN
696.16,NaN
698.85,NaN
701.56,NaN
704.30,NaN
707.07,NaN
709.85,NaN
712.67,NaN
715.51,NaN
718.37,NaN
721.26,NaN
724.18,NaN
727.12,NaN
730.09,NaN
733.08,NaN
736.10,NaN
739.15,NaN
742.22,NaN
745.33,NaN
748.46,NaN
751.61,NaN
754.80,NaN
758.01,NaN
761.26,NaN
764.53,NaN
767.83,NaN
771.15,NaN
774.51,NaN
777.90,NaN
781.31,NaN
784.76,NaN
788.23,NaN
791.73,NaN
795.27,NaN
798.83,NaN
802.42,NaN
806.05,NaN
809.70,NaN
813.39,NaN
817.10,NaN
820.85,NaN
824.62,NaN
828.43,NaN
832.26,NaN
836.13,NaN
840.03,NaN
843.96,NaN
847.92,NaN
851.91,NaN
855.93,NaN
859.99,NaN
864.07,NaN
868.18,NaN
872.33,NaN
876.50,NaN
880.71,NaN
884.94,NaN
889.21,NaN
893.50,NaN
897.83,NaN
902.19,NaN
906.57,NaN
910.99,NaN
915.43,NaN
919.91,NaN
924.41,NaN
928.94,NaN
933.50,NaN
938.09,NaN
942.70,NaN
947.35,NaN
952.74,NaN
957.41,NaN
962.11,NaN
966.83,NaN
971.58,NaN
976.35,NaN
981.15,NaN
985.98,NaN
990.82,NaN
995.70,NaN
1000.59,NaN
1005.51,NaN
1010.45,NaN
1015.42,NaN
1020.41,NaN
1025.41,NaN
1030.44,NaN
1035.49,NaN
1040.57,NaN
1045.66,NaN
1050.77,NaN
1055.90,NaN
1061.04,NaN
1066.21,NaN
1071.39,NaN
1076.59,NaN
1081.81,NaN
1087.04,NaN
1092.29,NaN
1097.55,NaN
1102.83,NaN
1108.13,NaN
1113.43,NaN
1118.75,NaN
1124.09,NaN
1129.43,NaN
1134.79,NaN
1140.16,NaN
1145.53,NaN
1150.92,NaN
1156.32,NaN
1161.73,NaN
1167.15,NaN
1172.57,NaN
1178.01,NaN
1183.45,NaN
1188.90,NaN
1194.35,NaN
1199.82,NaN
1205.28,NaN
1210.76,NaN
1216.23,NaN
1221.72,NaN
1227.20,NaN
1232.69,NaN
1238.19,NaN
1243.68,NaN
1249.18,NaN
1254.68,NaN
1260.19,NaN
1265.69,NaN
1271.20,NaN
1276.70,NaN
1282.21,NaN
1287.72,NaN
1293.22,NaN
1298.73,NaN
1304.24,NaN
1309.74,NaN
1315.24,NaN
1320.74,NaN
1326.24,NaN
1331.74,NaN
1337.23,NaN
1342.72,NaN
1348.21,NaN
1353.69,NaN
1359.17,NaN
1364.64,NaN
1370.12,NaN
1375.58,NaN
1381.04,NaN
1386.50,NaN
1391.95,NaN
1397.40,NaN
1402.84,NaN
1408.28,NaN
1413.71,NaN
1419.13,NaN
1424.55,NaN
1429.96,NaN
1435.36,NaN
1440.76,NaN
1446.15,NaN
1451.54,NaN
1456.91,NaN
1462.28,NaN
1467.64,NaN
1473.00,NaN
1478.34,NaN
1483.68,NaN
1489.01,NaN
1494.33,NaN
1499.65,NaN
1504.95,NaN
1510.25,NaN
1515.54,NaN
1520.82,NaN
1526.09,NaN
1531.36,NaN
1536.61,NaN
1541.86,NaN
1547.09,NaN
1552.32,NaN
1557.54,NaN
1562.75,NaN
1567.95,NaN
1573.14,NaN
1578.32,NaN
1583.49,NaN
1588.65,NaN
1593.80,Na
302
N
1598.95,NaN
1601.18,NaN
1616.86,NaN
1632.42,NaN
1647.91,NaN
1663.31,NaN
1678.61,NaN
1693.82,NaN
1708.93,NaN
1723.95,NaN
1738.86,NaN
1753.69,NaN
1768.43,NaN
1783.07,NaN
1797.62,NaN
1812.08,NaN
1826.44,NaN
1840.72,NaN
1854.90,NaN
1869.00,NaN
1883.00,NaN
1896.92,NaN
1910.75,NaN
1924.48,NaN
1938.13,NaN
1951.71,NaN
1965.19,NaN
1978.59,NaN
1991.92,NaN
2005.15,NaN
2018.31,NaN
2031.38,NaN
2044.38,NaN
2057.30,NaN
2070.13,NaN
2082.89,NaN
2095.58,NaN
2108.19,NaN
2120.73,NaN
2133.20,NaN
2145.59,NaN
2157.91,NaN
2170.15,NaN
2182.34,NaN
2194.44,NaN
2206.48,NaN
2218.45,NaN
2230.36,NaN
2242.20,NaN
2253.97,NaN
2265.68,NaN
2277.33,NaN
2288.91,NaN
2300.43,NaN
2311.89,NaN
2323.28,NaN
2334.63,NaN
2345.90,NaN
2357.11,NaN
2368.28,NaN
2379.37,NaN
2390.42,NaN
2401.40,NaN
2412.34,NaN
