 7                                                 H2O     
 Lambda          H/OH     H2/O1D   O/H/H    OH+H     O+H2     H+OH     H2O+    
    0.0          5.24E-023 1.75E-023 2.50E-031 1.73E-022 1.37E-022 1.37E-022 1.77E-022
    2.0          3.81E-022 1.27E-022 0.00E+000 1.26E-021 9.95E-022 9.95E-022 1.29E-021
    4.0          9.29E-022 3.10E-022 0.00E+000 3.06E-021 2.41E-021 2.41E-021 3.16E-021
    6.0          2.52E-021 8.39E-022 0.00E+000 8.25E-021 6.46E-021 6.50E-021 8.66E-021
    8.0          4.29E-021 1.43E-021 0.00E+000 1.40E-020 1.10E-020 1.10E-020 1.48E-020
   10.0          1.30E-020 4.31E-021 0.00E+000 3.80E-020 2.64E-020 2.73E-020 5.09E-020
   40.0          3.17E-020 1.05E-020 0.00E+000 8.52E-020 5.28E-020 5.62E-020 1.36E-019
   50.0          4.54E-020 1.51E-020 0.00E+000 1.22E-019 7.48E-020 7.98E-020 1.95E-019
   60.0          5.91E-020 1.97E-020 0.00E+000 1.58E-019 9.69E-020 1.03E-019 2.54E-019
   70.0          7.28E-020 2.42E-020 0.00E+000 1.94E-019 1.19E-019 1.27E-019 3.14E-019
   80.0          8.65E-020 2.88E-020 0.00E+000 2.31E-019 1.41E-019 1.51E-019 3.73E-019
   90.0          1.00E-019 3.33E-020 0.00E+000 2.67E-019 1.63E-019 1.74E-019 4.32E-019
  100.0          1.30E-019 4.32E-020 0.00E+000 3.33E-019 1.92E-019 2.08E-019 5.79E-019
  110.0          1.75E-019 5.84E-020 0.00E+000 4.28E-019 2.27E-019 2.52E-019 8.12E-019
  120.0          2.16E-019 7.20E-020 0.00E+000 5.15E-019 2.59E-019 2.91E-019 1.02E-018
  128.0          2.90E-019 9.71E-020 0.00E+000 6.72E-019 3.17E-019 3.64E-019 1.41E-018
  153.0          3.99E-019 1.33E-019 0.00E+000 9.02E-019 4.01E-019 4.69E-019 1.97E-018
  176.0          5.10E-019 1.70E-019 0.00E+000 1.12E-018 4.52E-019 5.45E-019 2.57E-018
  205.0          6.39E-019 2.13E-019 0.00E+000 1.32E-018 4.42E-019 5.70E-019 3.34E-018
  231.0          8.10E-019 2.70E-019 0.00E+000 1.56E-018 3.84E-019 5.64E-019 4.40E-018
  270.0          9.62E-019 3.21E-019 0.00E+000 1.77E-018 3.11E-019 5.41E-019 5.37E-018
  280.0          1.04E-018 3.46E-019 0.00E+000 1.84E-018 2.43E-019 5.00E-019 5.88E-018
  300.0          1.12E-018 3.72E-019 0.00E+000 1.92E-018 1.70E-019 4.39E-019 6.34E-018
  320.0          1.21E-018 4.04E-019 0.00E+000 2.07E-018 1.44E-019 4.01E-019 6.83E-018
  340.0          1.33E-018 4.43E-019 0.00E+000 2.25E-018 1.27E-019 3.70E-019 7.38E-018
  360.0          1.42E-018 4.73E-019 0.00E+000 2.39E-018 1.10E-019 3.54E-019 7.78E-018
  370.0          1.56E-018 5.20E-019 0.00E+000 2.60E-018 8.62E-020 3.72E-019 8.36E-018
  400.0          1.81E-018 6.05E-019 0.00E+000 3.02E-018 5.39E-020 4.51E-019 9.35E-018
  430.0          2.10E-018 7.01E-019 0.00E+000 3.67E-018 3.59E-020 5.34E-019 1.02E-017
  460.0          2.21E-018 7.36E-019 0.00E+000 3.84E-018 2.88E-020 5.76E-019 1.04E-017
  480.0          2.27E-018 7.59E-019 0.00E+000 3.82E-018 2.74E-020 6.09E-019 1.05E-017
  500.0          2.39E-018 8.00E-019 0.00E+000 3.92E-018 2.63E-020 6.50E-019 1.09E-017
  520.0          2.54E-018 8.47E-019 0.00E+000 4.10E-018 2.49E-020 6.94E-019 1.13E-017
  540.0          2.69E-018 8.98E-019 0.00E+000 4.36E-018 2.27E-020 7.49E-019 1.16E-017
  560.0          2.83E-018 9.44E-019 0.00E+000 4.68E-018 1.98E-020 8.05E-019 1.17E-017
  580.0          2.96E-018 9.87E-019 0.00E+000 4.79E-018 1.61E-020 7.93E-019 1.20E-017
  600.0          3.02E-018 1.01E-018 0.00E+000 4.68E-018 1.16E-020 6.97E-019 1.28E-017
  620.0          3.00E-018 9.94E-019 0.00E+000 4.40E-018 8.19E-021 5.65E-019 1.36E-017
  630.0          3.42E-018 1.14E-018 0.00E+000 2.80E-018 2.68E-021 1.71E-019 1.52E-017
  680.0          4.88E-018 1.63E-018 0.00E+000 1.68E-020 0.00E+000 0.00E+000 1.56E-017
  710.0          4.80E-018 1.60E-018 0.00E+000 0.00E+000 0.00E+000 0.00E+000 1.53E-017
  740.0          4.17E-018 1.39E-018 0.00E+000 0.00E+000 0.00E+000 0.00E+000 1.46E-017
  770.0          2.55E-018 8.48E-019 0.00E+000 0.00E+000 0.00E+000 0.00E+000 1.39E-017
  800.0          2.70E-018 9.00E-019 0.00E+000 0.00E+000 0.00E+000 0.00E+000 1.36E-017
  830.0          4.81E-018 1.60E-018 0.00E+000 0.00E+000 0.00E+000 0.00E+000 1.23E-017
  860.0          7.49E-018 2.50E-018 0.00E+000 0.00E+000 0.00E+000 0.00E+000 1.04E-017
  890.0          9.89E-018 3.30E-018 0.00E+000 0.00E+000 0.00E+000 0.00E+000 9.19E-018
  911.0          1.08E-017 3.61E-018 0.00E+000 0.00E+000 0.00E+000 0.00E+000 8.31E-018
  920.0          1.10E-017 3.67E-018 0.00E+000 0.00E+000 0.00E+000 0.00E+000 8.07E-018
  930.0          1.11E-017 3.71E-018 0.00E+000 0.00E+000 0.00E+000 0.00E+000 7.84E-018
  940.0          1.05E-017 3.49E-018 0.00E+000 0.00E+000 0.00E+000 0.00E+000 7.49E-018
  950.0          9.52E-018 3.18E-018 0.00E+000 0.00E+000 0.00E+000 0.00E+000 6.82E-018
  960.0          8.41E-018 2.80E-018 0.00E+000 0.00E+000 0.00E+000 0.00E+000 6.04E-018
  970.0          7.07E-018 2.30E-018 6.60E-020 0.00E+000 0.00E+000 0.00E+000 5.14E-018
  980.0          8.70E-018 1.29E-018 1.61E-018 0.00E+000 0.00E+000 0.00E+000 4.61E-019
  995.0          6.02E-018 8.03E-019 1.20E-018 0.00E+000 0.00E+000 0.00E+000 0.00E+000
 1007.0          4.65E-018 6.20E-019 9.30E-019 0.00E+000 0.00E+000 0.00E+000 0.00E+000
 1017.0          3.62E-018 4.82E-019 7.23E-019 0.00E+000 0.00E+000 0.00E+000 0.00E+000
 1027.0          2.93E-018 3.90E-019 5.85E-019 0.00E+000 0.00E+000 0.00E+000 0.00E+000
 1035.0          2.29E-018 3.06E-019 4.58E-019 0.00E+000 0.00E+000 0.00E+000 0.00E+000
 1045.0          1.79E-018 2.40E-019 3.59E-019 0.00E+000 0.00E+000 0.00E+000 0.00E+000
 1057.0          1.91E-018 2.55E-019 3.83E-019 0.00E+000 0.00E+000 0.00E+000 0.00E+000
 1070.0          5.07E-018 6.75E-019 1.01E-018 0.00E+000 0.00E+000 0.00E+000 0.00E+000
 1080.0          4.71E-018 6.27E-019 9.41E-019 0.00E+000 0.00E+000 0.00E+000 0.00E+000
 1090.0          4.29E-018 5.73E-019 8.59E-019 0.00E+000 0.00E+000 0.00E+000 0.00E+000
 1100.0          4.97E-018 6.62E-019 9.94E-019 0.00E+000 0.00E+000 0.00E+000 0.00E+000
 1110.0          1.09E-017 1.46E-018 2.18E-018 0.00E+000 0.00E+000 0.00E+000 0.00E+000
 1120.0          1.22E-017 1.63E-018 2.44E-018 0.00E+000 0.00E+000 0.00E+000 0.00E+000
 1130.0          2.53E-018 3.37E-019 5.06E-019 0.00E+000 0.00E+000 0.00E+000 0.00E+000
 1140.0          2.17E-018 2.90E-019 4.35E-019 0.00E+000 0.00E+000 0.00E+000 0.00E+000
 1150.0          2.48E-018 3.31E-019 4.97E-019 0.00E+000 0.00E+000 0.00E+000 0.00E+000
 1157.0          1.79E-018 2.39E-019 3.59E-019 0.00E+000 0.00E+000 0.00E+000 0.00E+000
 1163.0          3.81E-018 5.07E-019 7.61E-019 0.00E+000 0.00E+000 0.00E+000 0.00E+000
 1170.0          5.08E-018 6.77E-019 1.02E-018 0.00E+000 0.00E+000 0.00E+000 0.00E+000
 1176.0          2.91E-018 3.88E-019 5.82E-019 0.00E+000 0.00E+000 0.00E+000 0.00E+000
 1183.0          6.04E-018 8.06E-019 1.21E-018 0.00E+000 0.00E+000 0.00E+000 0.00E+000
 1190.0          6.75E-018 9.00E-019 1.35E-018 0.00E+000 0.00E+000 0.00E+000 0.00E+000
 1198.0          3.99E-018 5.32E-019 7.98E-019 0.00E+000 0.00E+000 0.00E+000 0.00E+000
 1205.0          4.97E-018 6.63E-019 9.94E-019 0.00E+000 0.00E+000 0.00E+000 0.00E+000
 1212.0          1.19E-017 1.59E-018 2.38E-018 0.00E+000 0.00E+000 0.00E+000 0.00E+000
 1220.0          5.22E-018 6.96E-019 1.04E-018 0.00E+000 0.00E+000 0.00E+000 0.00E+000
 1227.0          3.17E-018 4.22E-019 6.34E-019 0.00E+000 0.00E+000 0.00E+000 0.00E+000
 1235.0          8.37E-018 1.12E-018 1.67E-018 0.00E+000 0.00E+000 0.00E+000 0.00E+000
 1242.0          5.16E-018 6.89E-019 1.03E-018 0.00E+000 0.00E+000 0.00E+000 0.00E+000
 1250.0          5.04E-018 6.72E-019 1.00E-018 0.00E+000 0.00E+000 0.00E+000 0.00E+000
 1258.0          5.08E-018 6.77E-019 1.01E-018 0.00E+000 0.00E+000 0.00E+000 0.00E+000
 1266.0          5.11E-018 6.82E-019 1.02E-018 0.00E+000 0.00E+000 0.00E+000 0.00E+000
 1274.0          5.15E-018 6.87E-019 1.03E-018 0.00E+000 0.00E+000 0.00E+000 0.00E+000
 1282.0          5.19E-018 6.92E-019 1.04E-018 0.00E+000 0.00E+000 0.00E+000 0.00E+000
 1290.0          5.22E-018 6.97E-019 1.04E-018 0.00E+000 0.00E+000 0.00E+000 0.00E+000
 1299.0          5.22E-018 1.08E-018 6.63E-019 0.00E+000 0.00E+000 0.00E+000 0.00E+000
 1307.0          4.83E-018 1.61E-018 0.00E+000 0.00E+000 0.00E+000 0.00E+000 0.00E+000
 1316.0          4.34E-018 1.45E-018 0.00E+000 0.00E+000 0.00E+000 0.00E+000 0.00E+000
 1324.0          3.85E-018 1.28E-018 0.00E+000 0.00E+000 0.00E+000 0.00E+000 0.00E+000
 1333.0          3.34E-018 1.11E-018 0.00E+000 0.00E+000 0.00E+000 0.00E+000 0.00E+000
 1342.0          2.82E-018 9.42E-019 0.00E+000 0.00E+000 0.00E+000 0.00E+000 0.00E+000
 1351.0          2.40E-018 8.01E-019 0.00E+000 0.00E+000 0.00E+000 0.00E+000 0.00E+000
 1360.0          2.01E-018 6.73E-019 0.00E+000 0.00E+000 0.00E+000 0.00E+000 0.00E+000
 1370.0          1.63E-018 5.44E-019 0.00E+000 0.00E+000 0.00E+000 0.00E+000 0.00E+000
 1379.0          1.25E-018 4.16E-019 0.00E+000 0.00E+000 0.00E+000 0.00E+000 0.00E+000
 1389.0          7.16E-019 2.39E-019 0.00E+000 0.00E+000 0.00E+000 0.00E+000 0.00E+000
 1408.0          4.65E-019 1.55E-019 0.00E+000 0.00E+000 0.00E+000 0.00E+000 0.00E+000
 1428.0          4.29E-019 7.15E-020 0.00E+000 0.00E+000 0.00E+000 0.00E+000 0.00E+000
 1449.0          5.95E-019 1.49E-022 0.00E+000 0.00E+000 0.00E+000 0.00E+000 0.00E+000
 1470.0          8.10E-019 0.00E+000 0.00E+000 0.00E+000 0.00E+000 0.00E+000 0.00E+000
 1492.0          1.10E-018 0.00E+000 0.00E+000 0.00E+000 0.00E+000 0.00E+000 0.00E+000
 1515.0          1.64E-018 0.00E+000 0.00E+000 0.00E+000 0.00E+000 0.00E+000 0.00E+000
 1538.0          2.23E-018 0.00E+000 0.00E+000 0.00E+000 0.00E+000 0.00E+000 0.00E+000
 1562.0          3.03E-018 0.00E+000 0.00E+000 0.00E+000 0.00E+000 0.00E+000 0.00E+000
 1587.0          3.86E-018 0.00E+000 0.00E+000 0.00E+000 0.00E+000 0.00E+000 0.00E+000
 1613.0          4.47E-018 0.00E+000 0.00E+000 0.00E+000 0.00E+000 0.00E+000 0.00E+000
 1639.0          4.90E-018 0.00E+000 0.00E+000 0.00E+000 0.00E+000 0.00E+000 0.00E+000
 1667.0          4.69E-018 0.00E+000 0.00E+000 0.00E+000 0.00E+000 0.00E+000 0.00E+000
 1695.0          4.21E-018 0.00E+000 0.00E+000 0.00E+000 0.00E+000 0.00E+000 0.00E+000
 1724.0          3.55E-018 0.00E+000 0.00E+000 0.00E+000 0.00E+000 0.00E+000 0.00E+000
 1739.0          3.10E-018 0.00E+000 0.00E+000 0.00E+000 0.00E+000 0.00E+000 0.00E+000
 1754.0          2.51E-018 0.00E+000 0.00E+000 0.00E+000 0.00E+000 0.00E+000 0.00E+000
 1770.0          1.85E-018 0.00E+000 0.00E+000 0.00E+000 0.00E+000 0.00E+000 0.00E+000
 1786.0          1.20E-018 0.00E+000 0.00E+000 0.00E+000 0.00E+000 0.00E+000 0.00E+000
 1802.0          7.70E-019 0.00E+000 0.00E+000 0.00E+000 0.00E+000 0.00E+000 0.00E+000
 1818.0          4.73E-019 0.00E+000 0.00E+000 0.00E+000 0.00E+000 0.00E+000 0.00E+000
 1835.0          1.69E-019 0.00E+000 0.00E+000 0.00E+000 0.00E+000 0.00E+000 0.00E+000
 1852.0          1.24E-020 0.00E+000 0.00E+000 0.00E+000 0.00E+000 0.00E+000 0.00E+000
 1869.0          1.00E-035 0.00E+000 0.00E+000 0.00E+000 0.00E+000 0.00E+000 0.00E+000
 1887.0          1.00E-035 0.00E+000 0.00E+000 0.00E+000 0.00E+000 0.00E+000 0.00E+000
 1905.0          1.00E-035 0.00E+000 0.00E+000 0.00E+000 0.00E+000 0.00E+000 0.00E+000
 1923.0          1.00E-035 0.00E+000 0.00E+000 0.00E+000 0.00E+000 0.00E+000 0.00E+000
 1942.0          1.00E-035 0.00E+000 0.00E+000 0.00E+000 0.00E+000 0.00E+000 0.00E+000
 1961.0          1.00E-035 0.00E+000 0.00E+000 0.00E+000 0.00E+000 0.00E+000 0.00E+000
 1980.0          1.00E-035 0.00E+000 0.00E+000 0.00E+000 0.00E+000 0.00E+000 0.00E+000
 2000.0          1.00E-035 0.00E+000 0.00E+000 0.00E+000 0.00E+000 0.00E+000 0.00E+000
 2020.0          1.00E-035 0.00E+000 0.00E+000 0.00E+000 0.00E+000 0.00E+000 0.00E+000
 2041.0          1.00E-035 0.00E+000 0.00E+000 0.00E+000 0.00E+000 0.00E+000 0.00E+000
 2062.0          1.00E-035 0.00E+000 0.00E+000 0.00E+000 0.00E+000 0.00E+000 0.00E+000
 2083.0          1.00E-035 0.00E+000 0.00E+000 0.00E+000 0.00E+000 0.00E+000 0.00E+000
 2105.0          1.00E-035 0.00E+000 0.00E+000 0.00E+000 0.00E+000 0.00E+000 0.00E+000
 2128.0          1.00E-035 0.00E+000 0.00E+000 0.00E+000 0.00E+000 0.00E+000 0.00E+000
 2150.0          1.00E-035 0.00E+000 0.00E+000 0.00E+000 0.00E+000 0.00E+000 0.00E+000
 2174.0          1.00E-035 0.00E+000 0.00E+000 0.00E+000 0.00E+000 0.00E+000 0.00E+000
 2198.0          1.00E-035 0.00E+000 0.00E+000 0.00E+000 0.00E+000 0.00E+000 0.00E+000
 2222.0          1.00E-035 0.00E+000 0.00E+000 0.00E+000 0.00E+000 0.00E+000 0.00E+000
 2247.0          1.00E-035 0.00E+000 0.00E+000 0.00E+000 0.00E+000 0.00E+000 0.00E+000
 2273.0          1.00E-035 0.00E+000 0.00E+000 0.00E+000 0.00E+000 0.00E+000 0.00E+000
 2299.0          1.00E-035 0.00E+000 0.00E+000 0.00E+000 0.00E+000 0.00E+000 0.00E+000
 2326.0          1.00E-035 0.00E+000 0.00E+000 0.00E+000 0.00E+000 0.00E+000 0.00E+000
 2353.0          1.00E-035 0.00E+000 0.00E+000 0.00E+000 0.00E+000 0.00E+000 0.00E+000
 2381.0          1.00E-035 0.00E+000 0.00E+000 0.00E+000 0.00E+000 0.00E+000 0.00E+000
 2410.0          1.00E-035 0.00E+000 0.00E+000 0.00E+000 0.00E+000 0.00E+000 1.00E-035
 2439.0
