 1                                                 Na      
 Lambda          Na+     
    0.0          7.06E-022
    2.0          9.33E-021
    4.0          3.60E-020
    6.0          8.74E-020
    8.0          1.66E-019
   10.0          2.00E-019
   40.0          6.70E-019
   50.0          1.07E-018
   60.0          1.57E-018
   70.0          2.13E-018
   80.0          2.78E-018
   90.0          3.46E-018
  100.0          4.19E-018
  110.0          4.93E-018
  120.0          5.57E-018
  128.0          6.54E-018
  153.0          7.49E-018
  176.0          7.75E-018
  205.0          7.72E-018
  231.0          6.87E-018
  270.0          5.88E-018
  280.0          5.14E-018
  300.0          4.14E-018
  320.0          1.23E-018
  340.0          5.33E-020
  360.0          5.63E-020
  370.0          6.03E-020
  400.0          6.63E-020
  430.0          7.23E-020
  460.0          7.73E-020
  480.0          8.14E-020
  500.0          8.54E-020
  520.0          8.94E-020
  540.0          9.34E-020
  560.0          9.75E-020
  580.0          1.02E-019
  600.0          1.06E-019
  620.0          1.09E-019
  630.0          1.13E-019
  680.0          1.18E-019
  710.0          1.22E-019
  740.0          1.26E-019
  770.0          1.28E-019
  800.0          1.31E-019
  830.0          1.31E-019
  860.0          1.31E-019
  890.0          1.31E-019
  911.0          1.30E-019
  920.0          1.30E-019
  930.0          1.30E-019
  940.0          1.30E-019
  950.0          1.29E-019
  960.0          1.29E-019
  970.0          1.28E-019
  980.0          1.27E-019
  995.0          1.24E-019
 1007.0          1.24E-019
 1017.0          1.23E-019
 1027.0          1.23E-019
 1035.0          1.22E-019
 1045.0          1.22E-019
 1057.0          1.21E-019
 1070.0          1.21E-019
 1080.0          1.21E-019
 1090.0          1.20E-019
 1100.0          1.20E-019
 1110.0          1.19E-019
 1120.0          1.19E-019
 1130.0          1.19E-019
 1140.0          1.18E-019
 1150.0          1.18E-019
 1157.0          1.18E-019
 1163.0          1.17E-019
 1170.0          1.17E-019
 1176.0          1.17E-019
 1183.0          1.17E-019
 1190.0          1.16E-019
 1198.0          1.16E-019
 1205.0          1.15E-019
 1212.0          1.15E-019
 1220.0          1.14E-019
 1227.0          1.14E-019
 1235.0          1.13E-019
 1242.0          1.12E-019
 1250.0          1.12E-019
 1258.0          1.11E-019
 1266.0          1.10E-019
 1274.0          1.10E-019
 1282.0          1.09E-019
 1290.0          1.08E-019
 1299.0          1.07E-019
 1307.0          1.06E-019
 1316.0          1.05E-019
 1324.0          1.03E-019
 1333.0          1.02E-019
 1342.0          1.00E-019
 1351.0          9.86E-020
 1360.0          9.69E-020
 1370.0          9.53E-020
 1379.0          9.37E-020
 1389.0          9.12E-020
 1408.0          8.72E-020
 1428.0          8.29E-020
 1449.0          7.85E-020
 1470.0          7.40E-020
 1492.0          6.93E-020
 1515.0          6.47E-020
 1538.0          6.00E-020
 1562.0          5.51E-020
 1587.0          5.00E-020
 1613.0          4.48E-020
 1639.0          3.94E-020
 1667.0          3.38E-020
 1695.0          2.81E-020
 1724.0          2.37E-020
 1739.0          2.07E-020
 1754.0          1.76E-020
 1770.0          1.44E-020
 1786.0          1.12E-020
 1802.0          9.10E-021
 1818.0          7.62E-021
 1835.0          6.09E-021
 1852.0          4.56E-021
 1869.0          2.98E-021
 1887.0          1.42E-021
 1905.0          8.60E-022
 1923.0          6.75E-022
 1942.0          4.86E-022
 1961.0          2.96E-022
 1980.0          1.01E-022
 2000.0          1.00E-024
 2020.0          1.00E-024
 2041.0          1.00E-024
 2062.0          1.00E-024
 2083.0          5.78E-023
 2105.0          1.65E-021
 2128.0          3.90E-021
 2150.0          6.20E-021
 2174.0          8.60E-021
 2198.0          1.20E-020
 2222.0          1.69E-020
 2247.0          2.20E-020
 2273.0          2.72E-020
 2299.0          3.34E-020
 2326.0          4.07E-020
 2353.0          4.81E-020
 2381.0          5.57E-020
 2410.0          4.08E-021
 2439.0
