0          References for Cross Section of OHt       Total   
(Theoretical)                                                                   
Lambda = 939.30-1907.00 A                                                       
   Vandishoeck, E.                                                              
   Photodissociation and excitation of interstellar molecules.                  
                                                                                
0          References for Cross Section of OHt       O/H     
                                                                                
0          References for Cross Section of OHt       O1S/H   
                                                                                
0          References for Cross Section of OHt       OH+     
                                                                                
0 Branching ratio for OHt      Total        4 branches
 Lambda  Total   O/H      O1S/H    OH+      O1D/H   
    0.6 1.50E-23 0.00E+00 0.00E+00 1.50E-23 0.00E+00
    1.2 1.45E-22 0.00E+00 0.00E+00 1.45E-22 0.00E+00
    2.4 1.15E-21 0.00E+00 0.00E+00 1.15E-21 0.00E+00
    6.2 1.78E-20 0.00E+00 0.00E+00 1.78E-20 0.00E+00
   12.6 1.29E-19 0.00E+00 0.00E+00 1.29E-19 0.00E+00
   24.6 3.53E-20 0.00E+00 0.00E+00 3.53E-20 0.00E+00
   62.1 3.52E-19 0.00E+00 0.00E+00 3.52E-19 0.00E+00
  121.7 1.62E-18 0.00E+00 0.00E+00 1.62E-18 0.00E+00
  248.6 5.64E-18 0.00E+00 0.00E+00 5.64E-18 0.00E+00
  625.8 1.59E-17 0.00E+00 0.00E+00 1.59E-17 0.00E+00
  939.3 7.00E-20 0.00E+00 0.00E+00 0.00E+00 7.00E-20
  942.9 1.00E-19 0.00E+00 0.00E+00 0.00E+00 1.00E-19
  943.6 3.00E-19 0.00E+00 0.00E+00 0.00E+00 3.00E-19
  944.3 1.00E-99 0.00E+00 0.00E+00 0.00E+00 1.00E-99
  945.0 1.00E-19 0.00E+00 0.00E+00 0.00E+00 1.00E-19
  952.3 3.00E-19 0.00E+00 0.00E+00 0.00E+00 3.00E-19
  953.0 5.00E-19 0.00E+00 0.00E+00 0.00E+00 5.00E-19
  953.7 1.00E-99 0.00E+00 0.00E+00 0.00E+00 1.00E-99
  954.5 3.00E-19 0.00E+00 0.00E+00 0.00E+00 3.00E-19
  963.4 6.10E-19 0.00E+00 0.00E+00 0.00E+00 6.10E-19
  964.1 9.60E-19 0.00E+00 0.00E+00 0.00E+00 9.60E-19
  964.9 1.00E-20 0.00E+00 0.00E+00 0.00E+00 1.00E-20
  965.6 6.10E-19 0.00E+00 0.00E+00 0.00E+00 6.10E-19
  968.6 8.20E-19 0.00E+00 0.00E+00 0.00E+00 8.20E-19
  973.2 1.01E-18 0.00E+00 0.00E+00 0.00E+00 1.01E-18
  974.0 1.81E-18 0.00E+00 0.00E+00 0.00E+00 1.81E-18
  974.7 1.00E-20 0.00E+00 0.00E+00 0.00E+00 1.00E-20
  975.5 1.01E-18 0.00E+00 0.00E+00 0.00E+00 1.01E-18
  980.1 1.51E-18 0.00E+00 0.00E+00 0.00E+00 1.51E-18
  980.9 2.71E-18 0.00E+00 0.00E+00 0.00E+00 2.71E-18
  981.7 1.00E-20 0.00E+00 0.00E+00 0.00E+00 1.00E-20
  982.5 1.51E-18 0.00E+00 0.00E+00 0.00E+00 1.51E-18
  987.9 2.42E-18 0.00E+00 0.00E+00 0.00E+00 2.42E-18
  988.7 3.92E-18 0.00E+00 0.00E+00 0.00E+00 3.92E-18
  989.5 2.00E-20 0.00E+00 0.00E+00 0.00E+00 2.00E-20
  990.3 2.42E-18 0.00E+00 2.42E-21 0.00E+00 2.42E-18
  991.9 2.63E-18 0.00E+00 2.63E-21 0.00E+00 2.63E-18
  995.9 3.44E-18 0.00E+00 3.44E-21 0.00E+00 3.44E-18
  996.7 5.54E-18 0.00E+00 5.54E-21 0.00E+00 5.53E-18
  997.5 4.00E-20 0.00E+00 4.00E-20 0.00E+00 0.00E+00
  998.3 3.44E-18 0.00E+00 3.03E-20 0.00E+00 3.41E-18
 1003.0 4.25E-18 0.00E+00 4.25E-20 0.00E+00 4.21E-18
 1004.0 8.26E-18 0.00E+00 4.13E-20 0.00E+00 8.22E-18
 1005.0 6.00E-20 0.00E+00 1.50E-20 0.00E+00 4.50E-20
 1006.0 4.26E-18 0.00E+00 5.96E-20 0.00E+00 4.20E-18
 1008.0 4.49E-18 0.00E+00 7.18E-20 0.00E+00 4.42E-18
 1012.0 5.09E-18 0.00E+00 8.14E-20 0.00E+00 5.01E-18
 1013.0 2.00E-17 0.00E+00 9.00E-20 0.00E+00 1.99E-17
 1014.0 1.00E-19 0.00E+00 1.00E-19 0.00E+00 0.00E+00
 1015.0 5.00E-18 0.00E+00 1.00E-19 0.00E+00 4.90E-18
 1020.0 6.03E-18 0.00E+00 1.39E-19 0.00E+00 5.89E-18
 1021.0 2.00E-17 0.00E+00 1.20E-19 0.00E+00 1.99E-17
 1022.0 1.40E-19 0.00E+00 1.40E-19 0.00E+00 0.00E+00
 1023.0 5.95E-18 0.00E+00 1.43E-19 0.00E+00 5.81E-18
 1025.0 6.41E-18 0.00E+00 1.60E-19 0.00E+00 6.25E-18
 1029.0 7.01E-18 0.00E+00 2.03E-19 0.00E+00 6.81E-18
 1030.0 2.00E-17 0.00E+00 2.20E-19 0.00E+00 1.98E-17
 1031.0 2.30E-19 0.00E+00 2.30E-19 0.00E+00 0.00E+00
 1032.0 6.64E-18 0.00E+00 2.26E-19 0.00E+00 6.41E-18
 1038.0 7.78E-18 0.00E+00 2.72E-19 0.00E+00 7.51E-18
 1039.0 2.00E-17 0.00E+00 2.80E-19 0.00E+00 1.97E-17
 1040.0 3.00E-19 0.00E+00 2.97E-19 0.00E+00 3.00E-21
 1041.0 7.31E-18 0.00E+00 3.22E-19 0.00E+00 6.99E-18
 1042.0 7.83E-18 0.00E+00 3.29E-19 0.00E+00 7.50E-18
 1046.0 8.07E-18 0.00E+00 3.47E-19 0.00E+00 7.72E-18
 1047.0 2.00E-17 0.00E+00 3.80E-19 0.00E+00 1.96E-17
 1048.0 4.00E-19 0.00E+00 3.80E-19 0.00E+00 2.00E-20
 1049.0 7.52E-18 0.00E+00 3.91E-19 0.00E+00 7.13E-18
 1051.0 8.20E-18 0.00E+00 4.10E-19 0.00E+00 7.79E-18
 1055.0 8.23E-18 0.00E+00 4.53E-19 0.00E+00 7.78E-18
 1056.0 2.00E-17 0.00E+00 5.30E-19 0.00E+00 1.95E-17
 1057.0 5.50E-19 0.00E+00 5.30E-19 0.00E+00 1.98E-20
 1058.0 7.66E-18 0.00E+00 5.52E-19 0.00E+00 7.11E-18
 1060.0 8.29E-18 0.00E+00 5.64E-19 0.00E+00 7.73E-18
 1064.0 8.26E-18 0.00E+00 5.70E-19 0.00E+00 7.69E-18
 1065.0 2.00E-17 0.00E+00 5.80E-19 0.00E+00 1.94E-17
 1066.0 6.80E-19 0.00E+00 6.19E-19 0.00E+00 6.12E-20
 1067.0 7.68E-18 0.00E+00 6.30E-19 0.00E+00 7.05E-18
 1072.0 7.78E-18 0.00E+00 6.38E-19 0.00E+00 7.14E-18
 1073.0 7.80E-19 0.00E+00 6.71E-19 0.00E+00 1.09E-19
 1074.0 8.09E-18 0.00E+00 6.59E-19 0.00E+00 7.43E-18
 1075.0 2.00E-17 0.00E+00 6.80E-19 0.00E+00 1.93E-17
 1076.0 8.10E-18 0.00E+00 7.29E-19 0.00E+00 7.37E-18
 1078.0 7.54E-18 0.00E+00 7.54E-19 0.00E+00 6.79E-18
 1082.0 7.17E-18 0.00E+00 7.96E-19 0.00E+00 6.37E-18
 1083.0 8.80E-19 0.00E+00 8.30E-19 0.00E+00 5.02E-20
 1084.0 7.09E-18 0.00E+00 8.51E-19 0.00E+00 6.24E-18
 1085.0 2.00E-17 0.00E+00 8.60E-19 0.00E+00 1.91E-17
 1086.0 7.11E-18 0.00E+00 8.60E-19 0.00E+00 6.25E-18
 1092.0 6.33E-18 0.00E+00 8.61E-19 0.00E+00 5.47E-18
 1093.0 9.40E-18 0.00E+00 8.74E-19 0.00E+00 8.53E-18
 1094.0 6.24E-18 0.00E+00 8.67E-19 0.00E+00 5.37E-18
 1095.0 2.00E-17 0.00E+00 8.70E-19 0.00E+00 1.91E-17
 1096.0 6.25E-18 0.00E+00 8.69E-19 0.00E+00 5.38E-18
 1097.0 6.12E-18 0.00E+00 8.69E-19 0.00E+00 5.25E-18
 1101.0 5.46E-18 0.00E+00 8.68E-19 0.00E+00 4.59E-18
 1102.0 9.70E-19 0.00E+00 8.70E-19 0.00E+00 9.99E-20
 1103.0 5.28E-18 0.00E+00 8.71E-19 0.00E+00 4.41E-18
 1104.0 2.00E-17 0.00E+00 8.70E-19 0.00E+00 1.91E-17
 1105.0 5.30E-18 0.00E+00 8.69E-19 0.00E+00 4.43E-18
 1111.0 4.83E-18 0.00E+00 8.69E-19 0.00E+00 3.96E-18
 1112.0 1.03E-18 0.00E+00 8.70E-19 0.00E+00 1.60E-19
 1113.0 4.73E-18 0.00E+00 8.70E-19 0.00E+00 3.86E-18
 1114.0 2.00E-17 0.00E+00 8.74E-19 0.00E+00 1.91E-17
 1115.0 4.73E-18 0.00E+00 8.61E-19 0.00E+00 3.87E-18
 1117.0 4.71E-18 0.00E+00 8.62E-19 0.00E+00 3.85E-18
 1118.0 4.33E-18 0.00E+00 8.62E-19 0.00E+00 3.47E-18
 1119.0 1.03E-18 0.00E+00 8.60E-19 0.00E+00 1.70E-19
 1120.0 4.23E-18 0.00E+00 8.46E-19 0.00E+00 3.38E-18
 1121.0 2.00E-17 0.00E+00 8.60E-19 0.00E+00 1.91E-17
 1122.0 4.24E-18 0.00E+00 8.48E-19 0.00E+00 3.39E-18
 1125.0 3.74E-18 0.00E+00 8.23E-19 0.00E+00 2.92E-18
 1126.0 1.03E-18 0.00E+00 8.45E-19 0.00E+00 1.85E-19
 1127.0 3.73E-18 0.00E+00 8.50E-19 0.00E+00 2.88E-18
 1128.0 2.00E-17 0.00E+00 8.40E-19 0.00E+00 1.92E-17
 1129.0 3.73E-18 0.00E+00 8.21E-19 0.00E+00 2.91E-18
 1131.0 3.52E-18 0.00E+00 8.10E-19 0.00E+00 2.71E-18
 1132.0 1.02E-18 0.00E+00 8.16E-19 0.00E+00 2.04E-19
 1133.0 3.82E-18 0.00E+00 7.64E-19 0.00E+00 3.06E-18
 1134.0 2.00E-17 0.00E+00 7.80E-19 0.00E+00 1.92E-17
 1135.0 3.81E-18 0.00E+00 7.51E-19 0.00E+00 3.06E-18
 1137.0 3.50E-18 0.00E+00 7.31E-19 0.00E+00 2.77E-18
 1156.0 2.31E-18 0.00E+00 6.47E-19 0.00E+00 1.66E-18
 1157.0 1.01E-18 0.00E+00 5.96E-19 0.00E+00 4.14E-19
 1158.0 4.00E-18 0.00E+00 5.52E-19 0.00E+00 3.45E-18
 1159.0 2.61E-18 0.00E+00 5.30E-19 0.00E+00 2.08E-18
 1181.0 2.04E-18 0.00E+00 4.00E-19 0.00E+00 1.64E-18
 1190.0 1.44E-18 0.00E+00 3.50E-19 0.00E+00 1.09E-18
 1191.0 1.13E-18 0.00E+00 2.99E-19 0.00E+00 8.31E-19
 1192.0 2.03E-18 0.00E+00 2.80E-19 0.00E+00 1.75E-18
 1193.0 1.88E-18 0.00E+00 2.59E-19 0.00E+00 1.62E-18
 1216.0 1.71E-18 0.00E+00 2.00E-19 0.00E+00 1.51E-18
 1229.0 1.57E-18 0.00E+00 1.19E-19 0.00E+00 1.45E-18
 1232.0 4.55E-18 0.00E+00 1.09E-19 0.00E+00 4.44E-18
 1234.0 2.00E-17 0.00E+00 1.20E-19 0.00E+00 1.99E-17
 1240.0 4.55E-18 0.00E+00 9.10E-20 0.00E+00 4.46E-18
 1252.0 1.78E-18 1.78E-21 1.25E-20 0.00E+00 1.77E-18
 1305.0 1.38E-18 9.66E-21 1.38E-21 0.00E+00 1.37E-18
 1378.0 6.30E-19 2.50E-19 0.00E+00 0.00E+00 3.80E-19
 1409.0 7.80E-19 5.90E-19 0.00E+00 0.00E+00 1.90E-19
 1442.0 1.23E-18 1.14E-18 0.00E+00 0.00E+00 8.73E-20
 1476.0 1.87E-18 1.84E-18 0.00E+00 0.00E+00 2.99E-20
 1512.0 2.55E-18 2.54E-18 0.00E+00 0.00E+00 1.02E-20
 1550.0 2.97E-18 2.97E-18 0.00E+00 0.00E+00 2.97E-21
 1569.0 3.01E-18 3.01E-18 0.00E+00 0.00E+00 2.97E-21
 1590.0 2.90E-18 2.90E-18 0.00E+00 0.00E+00 2.81E-21
 1631.0 2.28E-18 2.28E-18 0.00E+00 0.00E+00 2.13E-21
 1675.0 1.42E-18 1.42E-18 0.00E+00 0.00E+00 1.28E-21
 1722.0 7.00E-19 6.99E-19 0.00E+00 0.00E+00 6.05E-22
 1771.0 2.80E-19 2.80E-19 0.00E+00 0.00E+00 2.31E-22
 1907.0 1.00E-20 9.99E-21 0.00E+00 0.00E+00 7.20E-24
 2000.0 1.00E-21 9.99E-22 0.00E+00 0.00E+00 6.47E-25
 2100.0 1.00E-22 9.99E-23 0.00E+00 0.00E+00 5.68E-26
 2200.0 1.00E-23 1.00E-23 0.00E+00 0.00E+00 4.89E-27
 2300.0 1.00E-24 1.00E-24 0.00E+00 0.00E+00 4.11E-28
 2437.9 5.00E-25 5.00E-25 0.00E+00 0.00E+00 1.51E-28
 2438.9 1.20E-20 1.20E-20 0.00E+00 0.00E+00 3.62E-24
 2439.9 5.00E-25 5.00E-25 0.00E+00 0.00E+00 1.50E-28
 2443.1 5.00E-25 5.00E-25 0.00E+00 0.00E+00 1.49E-28
 2444.1 1.05E-19 1.05E-19 0.00E+00 0.00E+00 3.13E-23
 2445.1 5.00E-25 5.00E-25 0.00E+00 0.00E+00 1.48E-28
 2446.5 5.00E-25 5.00E-25 0.00E+00 0.00E+00 1.48E-28
 2447.5 2.44E-19 2.44E-19 0.00E+00 0.00E+00 7.20E-23
 2448.3 1.00E-20 1.00E-20 0.00E+00 0.00E+00 2.94E-24
 2449.2 1.51E-19 1.51E-19 0.00E+00 0.00E+00 4.43E-23
 2450.2 5.00E-25 5.00E-25 0.00E+00 0.00E+00 1.46E-28
 2602.1 3.00E-25 3.00E-25 0.00E+00 0.00E+00 5.21E-29
 2603.1 7.32E-20 7.32E-20 0.00E+00 0.00E+00 1.26E-23
 2604.1 3.00E-25 3.00E-25 0.00E+00 0.00E+00 5.16E-29
 2608.3 3.00E-25 3.00E-25 0.00E+00 0.00E+00 5.06E-29
 2609.3 6.43E-19 6.43E-19 0.00E+00 0.00E+00 1.08E-22
 2610.3 3.00E-25 3.00E-25 0.00E+00 0.00E+00 5.01E-29
 2612.4 3.00E-25 3.00E-25 0.00E+00 0.00E+00 4.96E-29
 2613.4 1.49E-18 1.49E-18 0.00E+00 0.00E+00 2.45E-22
 2614.4 3.00E-25 3.00E-25 0.00E+00 0.00E+00 4.92E-29
 2614.5 3.00E-25 3.00E-25 0.00E+00 0.00E+00 4.91E-29
 2615.5 9.21E-19 9.21E-19 0.00E+00 0.00E+00 1.50E-22
 2616.5 3.00E-25 3.00E-25 0.00E+00 0.00E+00 4.87E-29
 2823.0 1.00E-25 0.00E+00 9.99E-26 0.00E+00 1.00E-28
 5114.0 1.00E-30 0.00E+00 9.99E-31 0.00E+00 1.00E-33
 5114.0 1.00E-35 0.00E+00 1.00E-35 0.00E+00 0.00E+00
61320.0 1.00E-35 0.00E+00 1.00E-35 0.00E+00 0.00E+00
